1402
1424
1424
1421
1421
1418
1418
1416
1416
1447
1447
1475
1475
1528
1528
1576
1576
1506
1506
1443
1443
1387
1387
1338
1338
1289
1289
1245
1245
1206
1206
1169
1169
1136
1136
1106
1106
1077
1077
1052
1052
1030
1030
1009
1009
990
990
972
972
956
956
941
941
928
928
918
918
908
908
898
898
889
889
883
883
875
875
871
871
865
865
861
861
857
857
852
852
848
848
845
845
842
842
838
838
835
835
832
832
830
830
828
828
826
826
826
826
826
826
826
826
825
825
825
825
825
825
825
825
823
823
821
821
819
819
817
817
815
815
815
815
814
814
812
812
812
812
812
812
812
812
812
812
812
812
812
812
813
813
814
814
815
815
815
815
815
815
815
815
815
815
815
815
814
813
813
813
813
813
813
812
812
812
810
810
810
810
810
810
810
811
811
811
811
811
811
811
811
811
811
811
811
810
810
808
808
808
808
808
808
808
808
808
808
808
808
809
809
808
808
808
808
808
808
808
808
809
809
810
810
812
812
812
812
811
811
811
811
811
811
811
811
811
811
811
811
810
810
809
809
809
809
809
809
809
809
809
809
809
809
809
809
809
809
809
809
809
809
809
809
809
809
809
809
810
810
810
810
810
810
810
810
810
810
810
810
810
810
811
811
811
811
811
811
811
811
811
811
811
811
811
811
811
811
811
811
811
811
811
811
811
811
810
810
810
810
809
809
809
809
809
809
809
809
809
809
809
809
809
809
809
809
809
809
809
809
809
809
809
809
809
809
809
809
809
809
808
808
809
809
809
809
809
809
810
810
811
811
812
812
811
811
811
811
811
811
811
811
810
810
810
810
809
809
810
810
810
810
810
810
811
811
811
811
811
811
811
811
811
811
811
811
811
811
811
811
812
812
811
811
810
810
810
810
811
811
810
810
811
811
810
810
809
809
808
808
808
808
808
808
808
808
808
808
809
809
809
809
809
809
809
809
809
809
809
809
810
810
811
811
811
811
810
810
810
810
810
810
810
810
810
810
810
810
810
810
810
810
811
811
811
811
811
811
811
811
811
811
810
810
810
810
810
810
811
811
810
810
811
811
811
811
811
811
811
811
811
811
811
811
810
810
810
810
810
810
811
811
812
812
812
812
813
813
813
813
812
812
812
812
813
813
814
814
813
813
812
812
813
813
813
813
813
813
812
812
811
811
811
811
811
811
811
811
812
812
812
812
812
812
812
812
811
811
811
811
811
811
811
811
811
811
811
811
811
811
811
811
811
811
811
811
811
811
811
811
811
811
811
811
811
811
811
811
810
810
812
812
812
812
812
812
812
812
813
813
814
814
814
814
814
814
813
813
812
812
812
812
812
812
812
812
811
811
812
812
812
812
812
812
812
812
812
812
812
812
812
812
812
812
812
812
812
812
813
813
813
813
813
813
812
812
811
811
811
811
812
812
812
812
812
812
811
811
811
811
810
810
811
811
812
812
813
813
814
814
813
813
813
813
812
812
812
812
813
813
813
813
813
813
813
813
813
813
813